"","breast","colon.and.rectum","anus..anal.canal.and.anorectum","esophagus","gallbladder","liver.and.intrahepatic.bile.duct","other.biliary","other.digestive.organs","pancreas","peritoneum..omentum.and.mesentery","retroperitoneum","small.intestine","stomach","hodgkin.lymphoma","leukemia","myeloma","non.hodgkin.lymphoma","other.male.genital.organs","penis","prostate","testis","bones.and.joints","brain.and.other.nervous.system","eye.and.orbit","kaposi.sarcoma.","melanoma.of.the.skin","mesothelioma.","miscellaneous","oral.cavity.and.pharynx","other.endocrine.including.thymus","other.non.epithelial.skin","soft.tissue.including.heart","thyroid","larynx","lung.and.bronchus","nose..nasal.cavity.and.middle.ear","pleura","trachea..mediastinum.and.other.respiratory.organs","kidney.and.renal.pelvis","other.urinary.organs","ureter","urinary.bladder"
"breast",0,0.162642158699071,0.0366050750384345,0.0545302276251613,-0.333395994932242,0.0218501906680804,0.0577885300017984,-0.0599116001860397,-0.0535092544377799,0.470238576082556,-0.104402462213392,-0.0348502780810784,0.315735333024366,-0.240607531793876,0.0504498788068492,0.165901953933872,0.096865959544099,0.148194277856076,-0.0972417315159913,0.253017833347166,0.269038630863798,-0.118307248952888,0.166905261834683,-0.218679794738876,-0.0154119799869252,0.107258513161507,-0.165764645518153,0.0484572664044483,-0.106910465285435,-0.0257059766280147,0.150955167785113,-0.0487234629743723,-0.000174732234455124,0.135562680214395,-0.254084978248046,0.00993773702308453,-0.128945332493572,0.0781845091541727,0.0904561240510424,-0.0580695718147486,-0.0783502582299922,-0.301719244392982
"colon.and.rectum",0.162642158699071,0,0.11008438154557,0.0625878621226201,0.216746771214129,0.257307883384511,0.19363287035336,0.277067408475614,0.0229941663937208,0.0845261728484123,-0.0977569043847268,0.323286630200105,0.301390533349229,-0.379559686657729,0.467355569983408,0.486308152388609,-0.127005537187817,0.317084201239861,0.0400231851655392,0.490444415994209,0.450651518123632,-0.0310486833244663,0.514454616069027,-0.174145793550708,-0.398181582344607,-0.339828458579529,0.0506606307380706,0.567082202491028,-0.130434273676484,0.284728641426556,0.0390248577584468,0.55905695727095,0.762760996047135,-0.136697946660018,-0.294111044824953,0.392718306144517,-0.0420208859927978,0.114663261042398,0.736895730685075,-0.0815137345145794,-0.152659795629238,-0.64911492560532
"anus..anal.canal.and.anorectum",0.0366050750384345,0.11008438154557,0,0.225829844821944,-0.0103474399675985,0.377733350548155,0.131664364858116,0.243032453367186,-0.046585310158778,-0.0189191634479539,-0.0555201781018884,-0.127695220287767,0.122817163563272,-0.0781689092666767,0.182400057453099,0.150509595177073,0.604158505608628,0.109501087648192,0.125065309975802,0.278576421682397,0.518913567610172,-0.258164407752343,0.0352492894688189,-0.334151254062405,0.419980646650732,0.13755162836905,-0.196456197072944,0.0118664232767221,-0.262457657039761,-0.115055585180501,0.282105843627234,0.171374825627342,-0.193720497588151,-0.161291129266636,-0.558304486220569,0.23151224236497,-0.103848131978971,0.132441406061258,0.0616846585705481,0.0195424896169431,-0.0183932498982009,-0.36773603899342
"esophagus",0.0545302276251613,0.0625878621226201,0.225829844821944,0,0.0743011612436743,0.115424683735334,-0.065153854929602,0.303907345175571,-0.0939595727746808,0.182128206607511,0.0813984489983459,0.208789893555866,0.166341470301503,-0.0473687072959487,0.227568390354675,0.401635127012816,0.15629855254123,0.338429774226031,-0.0720572806058829,0.330179329992904,0.340002118722679,-0.209125186289243,0.19481408221155,-0.304765798020824,0.0648410986928187,0.0550633509226338,-0.24369800013116,0.111709775292922,-0.355332431236112,0.016760103755043,0.162405570056545,0.0238318740286979,0.017049951829009,-0.124585244310462,-0.311852045104435,0.165144590236105,-0.261745910075375,0.147355832368728,0.171830776676491,0.163878655672796,-0.198360803136652,-0.28317593647832
"gallbladder",-0.333395994932242,0.216746771214129,-0.0103474399675985,0.0743011612436743,0,0.17735304122371,0.00578897102517301,-0.0736489620316937,-0.26008806747301,-0.160269341239874,0.000747011124545146,-0.0597945424423806,0.0380852693251511,-0.134380049874709,0.295176236289952,0.185994907226579,0.0207742647604568,0.226229945254852,0.0331219108695182,-0.0133988304084359,0.100421883520749,0.151737932891793,0.200462823923319,-0.0118566328347621,-0.165734703802579,-0.273703911954889,-0.267491139035045,0.0296723567978924,0.158926588606785,-0.00537766703012613,-0.260559269551801,0.250295103585337,0.171869283237368,-0.251874447152842,-0.164894072122549,0.0356977875840045,-0.18926688282352,-0.203882285738814,0.142454327530173,-0.210350285899077,-0.176681760342966,-0.325054449333094
"liver.and.intrahepatic.bile.duct",0.0218501906680804,0.257307883384511,0.377733350548155,0.115424683735334,0.17735304122371,0,0.0534066856653572,0.0708156118810318,0.07333387570304,0.321997489498459,-0.0918071963814375,0.180207185263714,0.0333537584994435,-0.10115302854759,0.156699976285947,0.149862795602514,0.217561935482809,0.142166768814947,0.302330648967196,0.261020715603046,0.395377565199492,-0.0417161092023191,0.306648926803303,-0.377248154070647,0.0533966385637311,-0.168782522007146,-0.111239378251567,0.228917152288763,-0.0724582202302982,0.111041943332542,0.0824399380676724,0.151342843613875,0.105791845876571,-0.175733831955837,-0.293231511000649,0.215455849561444,-0.0137664959093949,0.00990256470022581,0.363004745923121,-0.100888165491727,0.0384178621129473,-0.368761095221996
"other.biliary",0.0577885300017984,0.19363287035336,0.131664364858116,-0.065153854929602,0.00578897102517301,0.0534066856653572,0,-0.027547544445474,-0.147211939083125,-0.101310733908294,-0.194486655445864,-0.0254316346062277,0.390143246407987,-0.0332384061172424,0.255433422049498,0.22963405758672,-0.224187897886833,0.0212056430489225,0.218446376247808,0.0629700384039613,0.238074329883413,-0.112104047998638,0.27022914761062,0.0370753697619119,-0.150709844095192,-0.184170264751038,-0.0525867335180043,0.191677732965657,-0.07338416647632,0.025104773169348,0.0531807662761758,0.317863640623292,0.232688375167505,-0.125901897639336,-0.314895711879021,0.186921841363798,0.235042040999521,-0.189411859840583,0.39147571653656,0.0763786390008624,-0.0319694540201283,-0.148403979322481
"other.digestive.organs",-0.0599116001860397,0.277067408475614,0.243032453367186,0.303907345175571,-0.0736489620316937,0.0708156118810318,-0.027547544445474,0,-0.0669130400133321,-0.0667595679273483,-0.181515128769016,-0.0548307932430861,0.0335740981885021,0.0471098223574291,-0.0689442610561042,0.0224972759411356,-0.0719558421858721,-0.0636337871470484,0.11180679934235,0.209063661382402,0.0784465663184893,-0.217922704929777,-0.0273969715986982,-0.0935978296073242,-0.240883906076816,0.0268561013591903,0.139603464831302,0.360063846265427,-0.259860344694532,0.229259330381259,0.0481033284675516,-0.0641447088449712,0.211565437265999,-0.210159498278703,-0.159619767149126,0.456131363162784,-0.0968275125230238,0.355411924088282,0.0853050185097874,-0.0999609717214183,-0.047092534156734,-0.262657336746069
"pancreas",-0.0535092544377799,0.0229941663937208,-0.046585310158778,-0.0939595727746808,-0.26008806747301,0.07333387570304,-0.147211939083125,-0.0669130400133321,0,0.0817257119543321,0.0830723144211714,0.345349834969723,-0.168300038130586,0.384785747478465,0.0161290951994797,-0.18465033869004,-0.0907368403043135,0.17409969760891,0.0432758700677591,0.030282760198872,-0.144957911559698,0.412508588575345,-0.0687509366818235,-0.361409975193706,-0.0191569491039169,-0.108860573948314,0.177683151342769,-0.0142678264568762,-0.191253865597758,0.0575248636500126,-0.130580966406318,0.0590689960005934,0.0906330994763845,-0.266079556196489,0.213532836925446,0.0195115708133106,-0.137045532248955,-0.115607991400025,0.196355406589887,-0.147228024789696,0.503888860585764,0.13609597172102
"peritoneum..omentum.and.mesentery",0.470238576082556,0.0845261728484123,-0.0189191634479539,0.182128206607511,-0.160269341239874,0.321997489498459,-0.101310733908294,-0.0667595679273483,0.0817257119543321,0,0.0809018008959615,0.150885520912663,-0.0323760643498407,-0.123033968427733,-0.114615646913161,0.0706982104380751,0.0638295074049317,0.324483446258911,-0.0358024452257056,0.314403575031665,0.216863525109479,-0.0462345121538526,0.279843194577339,-0.184957727647978,-0.0338538146475674,0.139552271387778,-0.19433129235946,0.0615912396997654,0.029897744841602,0.0799443399481888,0.167456977877873,0.00193759601072305,0.0792076224663843,-0.0859995179262857,-0.14973093035003,-0.00695795281379301,-0.099205928037915,-0.121931117138305,0.238382141687086,-0.176415922323411,-0.00322938904924092,-0.266936658896861
"retroperitoneum",-0.104402462213392,-0.0977569043847268,-0.0555201781018884,0.0813984489983459,0.000747011124545146,-0.0918071963814375,-0.194486655445864,-0.181515128769016,0.0830723144211714,0.0809018008959615,0,0.111392968637914,-0.212798317590777,-0.231711829870435,-0.0671368868646399,-0.0687843868178054,0.100213171530959,0.0608073498878412,-0.205269144554367,0.243743556115293,0.0422717617130096,-0.0161036381679105,-0.172633037677328,0.181061091900943,0.140695804306841,-0.0620500970868847,-0.184151551287123,-0.223931647357234,0.347407156629079,0.00400622579099411,-0.0801545022142508,-0.0305052432002132,-0.0802745520669137,0.0786398198418392,0.0300087501524942,-0.256493709126033,-0.15236950333893,-0.171257247341655,-0.116822773841879,0.154977417449761,-0.0408103149643023,0.0896191233539348
"small.intestine",-0.0348502780810784,0.323286630200105,-0.127695220287767,0.208789893555866,-0.0597945424423806,0.180207185263714,-0.0254316346062277,-0.0548307932430861,0.345349834969723,0.150885520912663,0.111392968637914,0,0.156857658031428,-0.0843050773879064,0.277144510984787,0.231208660914065,0.0137267891147789,0.4175368758825,-0.120591684785905,0.330206267082598,0.169957250014276,-0.0792088711103423,0.181444946385254,-0.297101577462501,-0.0419980994969363,-0.275300934911601,0.171944157213834,0.0709397173496782,-0.239324646556098,0.0968625823794955,-0.299840962022742,0.239928155658001,0.380172264047342,0.0394748992881046,-0.0588357117203483,-0.0176200037722703,0.040844671548015,0.052834877015893,0.458868020784225,0.123723436210182,0.00489858401771495,-0.137570963793893
"stomach",0.315735333024366,0.301390533349229,0.122817163563272,0.166341470301503,0.0380852693251511,0.0333537584994435,0.390143246407987,0.0335740981885021,-0.168300038130586,-0.0323760643498407,-0.212798317590777,0.156857658031428,0,-0.357777189853951,0.301197167663949,0.481573273349859,0.132512723819363,0.134356250732478,-0.115881856279419,0.300156240336092,0.464035588483682,-0.173408147376851,0.250411706489502,-0.315120258844269,-0.0233823612724019,-0.0275929683213147,-0.0879227685101426,0.102521157845461,-0.302960747525317,0.249977536103879,0.176044109975145,0.444242405261201,0.178095314338329,-0.184122312828798,-0.42483027698276,0.269349982248771,0.018563877462457,0.152517461402261,0.299625357068692,0.00451311515064061,-0.102991244489434,-0.377621861409385
"hodgkin.lymphoma",-0.240607531793876,-0.379559686657729,-0.0781689092666767,-0.0473687072959487,-0.134380049874709,-0.10115302854759,-0.0332384061172424,0.0471098223574291,0.384785747478465,-0.123033968427733,-0.231711829870435,-0.0843050773879064,-0.357777189853951,0,-0.0947530031542149,-0.399084084525222,-0.157643724109471,-0.233497524616182,0.404718299607308,-0.344313958414443,-0.310279367895407,0.200551028687956,-0.21417328130056,-0.0985638851653479,0.0951512256237478,0.0529347688247876,0.162644702828647,-0.0778145823686591,-0.247226784845213,-0.249046079362613,-0.137917082098789,-0.295577323703664,-0.25550272623698,-0.0863124547451584,0.349617815796064,0.0493435352734395,-0.00389716272413895,-0.223157190586827,-0.204026562551552,0.129146993267534,0.214561401655307,0.373032156779968
"leukemia",0.0504498788068492,0.467355569983408,0.182400057453099,0.227568390354675,0.295176236289952,0.156699976285947,0.255433422049498,-0.0689442610561042,0.0161290951994797,-0.114615646913161,-0.0671368868646399,0.277144510984787,0.301197167663949,-0.0947530031542149,0,0.390234891005869,-0.0269754875606721,0.423938269177782,0.0130629998307528,0.416442280796247,0.312739575049058,0.0611960462176739,0.253115920519641,-0.300894891499973,-0.184067225183732,-0.406175504674117,-0.152500806921894,0.385001699747915,-0.309127820372468,0.291724734631533,-0.0949346735263472,0.550491765441212,0.533465204557658,-0.185819556558205,-0.447728016462477,0.0574804284546948,-0.116868149006069,0.0319679621555241,0.583904925902758,0.12994111898421,-0.158916359029285,-0.478339102202485
"myeloma",0.165901953933872,0.486308152388609,0.150509595177073,0.401635127012816,0.185994907226579,0.149862795602514,0.22963405758672,0.0224972759411356,-0.18465033869004,0.0706982104380751,-0.0687843868178054,0.231208660914065,0.481573273349859,-0.399084084525222,0.390234891005869,0,0.106585990444758,0.264549831647515,-0.0893602172455155,0.432393236894237,0.375177303090471,-0.0612122699295007,0.440476775151419,-0.299489475712328,-0.0505835585255704,-0.120311544981481,-0.155057919276323,0.409306150268836,-0.261726387275107,0.384611319880822,0.126301325219952,0.501931970276633,0.268719033927851,-0.0067711128651357,-0.395648761176367,0.134888532519765,-0.158564500082993,0.16457665055353,0.434138320869034,0.209641303623742,-0.251874012805859,-0.464535432021842
"non.hodgkin.lymphoma",0.096865959544099,-0.127005537187817,0.604158505608628,0.15629855254123,0.0207742647604568,0.217561935482809,-0.224187897886833,-0.0719558421858721,-0.0907368403043135,0.0638295074049317,0.100213171530959,0.0137267891147789,0.132512723819363,-0.157643724109471,-0.0269754875606721,0.106585990444758,0,0.0851919110428845,-0.0851770241307133,0.141221183835391,0.445738710131039,-0.133761581421669,-0.0330131347913186,-0.414202451127149,0.819379323272483,0.2016831146912,-0.306737482366983,-0.299701754170502,-0.0811486770300889,-0.0794863481156493,0.294483278290129,-0.0359333427945899,-0.437507478769523,0.0709428715267937,-0.373873722256227,-0.0595579974392438,-0.304823834769036,0.145041439583253,-0.248229049472573,0.200437669379276,-0.149925272050385,-0.309597934063013
"other.male.genital.organs",0.148194277856076,0.317084201239861,0.109501087648192,0.338429774226031,0.226229945254852,0.142166768814947,0.0212056430489225,-0.0636337871470484,0.17409969760891,0.324483446258911,0.0608073498878412,0.4175368758825,0.134356250732478,-0.233497524616182,0.423938269177782,0.264549831647515,0.0851919110428845,0,-0.142780619581149,0.487219616639278,0.352352068456476,-0.0873853278891856,0.338881130286653,-0.230448701117622,-0.0685244602512681,-0.0934827091040653,-0.109447753618503,-0.0874863818481182,-0.0934545047481011,0.0635660293836987,-0.163058041238326,0.357955060676254,0.297657077713957,-0.31524506921155,-0.336389076835878,0.0554739862741787,-0.0213045039181645,-0.130204744678375,0.401073579236181,-0.173003081912544,-0.0129811603367201,-0.313780874149799
"penis",-0.0972417315159913,0.0400231851655392,0.125065309975802,-0.0720572806058829,0.0331219108695182,0.302330648967196,0.218446376247808,0.11180679934235,0.0432758700677591,-0.0358024452257056,-0.205269144554367,-0.120591684785905,-0.115881856279419,0.404718299607308,0.0130629998307528,-0.0893602172455155,-0.0851770241307133,-0.142780619581149,0,-0.0854576995352096,0.238092772160179,0.267137836617859,0.196191465372352,-0.1830292856798,-0.0476943053633425,-0.118313039014161,-0.236463016236456,0.118756832134489,-0.106589399210859,0.111548007209224,0.0419661865576694,-0.0890106043832652,-0.0253943939396782,-0.0563320190347316,-0.157758904107289,0.081008991685279,0.0397729230580846,-0.062477146474048,0.137281021276298,-0.0181352280109329,0.195979129308417,-0.163716277365454
"prostate",0.253017833347166,0.490444415994209,0.278576421682397,0.330179329992904,-0.0133988304084359,0.261020715603046,0.0629700384039613,0.209063661382402,0.030282760198872,0.314403575031665,0.243743556115293,0.330206267082598,0.300156240336092,-0.344313958414443,0.416442280796247,0.432393236894237,0.141221183835391,0.487219616639278,-0.0854576995352096,0,0.549784536069531,-0.300766771677462,0.224825207691133,-0.442922023445682,-0.0914316731610313,-0.109281160217764,-0.198323830601838,0.346927787514117,-0.0850486840965994,0.321435853456307,0.0694971972881049,0.35033214185578,0.376431802619458,-0.332007740040597,-0.566757321998244,0.222414238033607,-0.0314902109602474,0.146643775140143,0.524255044201077,-0.00177170901895589,-0.088657925755188,-0.59629364755422
"testis",0.269038630863798,0.450651518123632,0.518913567610172,0.340002118722679,0.100421883520749,0.395377565199492,0.238074329883413,0.0784465663184893,-0.144957911559698,0.216863525109479,0.0422717617130096,0.169957250014276,0.464035588483682,-0.310279367895407,0.312739575049058,0.375177303090471,0.445738710131039,0.352352068456476,0.238092772160179,0.549784536069531,0,-0.365037681408506,0.507025850801511,-0.425676026635934,0.28016912308159,0.109115145040133,-0.5695258077587,0.172292342102027,-0.122924572918447,0.138598361907916,0.43945876316073,0.339033053687031,0.193997003514579,-0.156397064589303,-0.713963215413557,0.171855152750838,-0.0988400451351566,0.14015711880493,0.454814265054561,-0.0108360873887541,-0.233926005932517,-0.629396294391523
"bones.and.joints",-0.118307248952888,-0.0310486833244663,-0.258164407752343,-0.209125186289243,0.151737932891793,-0.0417161092023191,-0.112104047998638,-0.217922704929777,0.412508588575345,-0.0462345121538526,-0.0161036381679105,-0.0792088711103423,-0.173408147376851,0.200551028687956,0.0611960462176739,-0.0612122699295007,-0.133761581421669,-0.0873853278891856,0.267137836617859,-0.300766771677462,-0.365037681408506,0,0.0352323004029851,-0.148483104637685,-0.177261476564663,-0.391737138188949,0.0308140730468746,-0.111208362612041,0.0758426104110006,0.145742874443318,-0.222415358616595,0.115748214738477,-0.0376172808377608,-0.178339206748748,0.30564009680135,-0.143073767036647,-0.246010793015254,-0.446345359609474,0.00894007063421004,-0.162301857835627,0.396485086104953,-0.0382786375807963
"brain.and.other.nervous.system",0.166905261834683,0.514454616069027,0.0352492894688189,0.19481408221155,0.200462823923319,0.306648926803303,0.27022914761062,-0.0273969715986982,-0.0687509366818235,0.279843194577339,-0.172633037677328,0.181444946385254,0.250411706489502,-0.21417328130056,0.253115920519641,0.440476775151419,-0.0330131347913186,0.338881130286653,0.196191465372352,0.224825207691133,0.507025850801511,0.0352323004029851,0,-0.199113577462632,-0.0492141799097407,0.158103634844485,-0.433208861200375,0.261202596471356,-0.123322797182572,0.310780860829622,0.202481934520032,0.277558801610402,0.484593870134806,-0.225310809251137,-0.232774547282389,0.169861712945083,-0.195301109615782,-0.0452689749408502,0.650177835784705,-0.0993847146350886,-0.131393553093884,-0.487919329517375
"eye.and.orbit",-0.218679794738876,-0.174145793550708,-0.334151254062405,-0.304765798020824,-0.0118566328347621,-0.377248154070647,0.0370753697619119,-0.0935978296073242,-0.361409975193706,-0.184957727647978,0.181061091900943,-0.297101577462501,-0.315120258844269,-0.0985638851653479,-0.300894891499973,-0.299489475712328,-0.414202451127149,-0.230448701117622,-0.1830292856798,-0.442922023445682,-0.425676026635934,-0.148483104637685,-0.199113577462632,0,-0.248516600088909,0.148740484391726,0.193813788393619,-0.11364118836542,0.374990580618952,-0.205987944644037,-0.135097494782861,-0.155804334753051,-0.019194685255425,0.313168092489412,0.423732590387838,-0.136309815930368,0.265111831550308,-0.154683858571046,-0.312005439344137,0.00661226793479768,-0.249047691503318,0.506083295472557
"kaposi.sarcoma.",-0.0154119799869252,-0.398181582344607,0.419980646650732,0.0648410986928187,-0.165734703802579,0.0533966385637311,-0.150709844095192,-0.240883906076816,-0.0191569491039169,-0.0338538146475674,0.140695804306841,-0.0419980994969363,-0.0233823612724019,0.0951512256237478,-0.184067225183732,-0.0505835585255704,0.819379323272483,-0.0685244602512681,-0.0476943053633425,-0.0914316731610313,0.28016912308159,-0.177261476564663,-0.0492141799097407,-0.248516600088909,0,0.426809877632841,-0.278474272948336,-0.434619120408786,0.0460715489455417,-0.214007625530562,0.360516157237361,-0.277105030761375,-0.555695200579909,0.114507073765048,-0.0598856616197235,-0.189062871070187,-0.246271534352422,0.121643080076667,-0.419938855762023,0.253404488498051,-0.180526500943715,0.0451356486066498
"melanoma.of.the.skin",0.107258513161507,-0.339828458579529,0.13755162836905,0.0550633509226338,-0.273703911954889,-0.168782522007146,-0.184170264751038,0.0268561013591903,-0.108860573948314,0.139552271387778,-0.0620500970868847,-0.275300934911601,-0.0275929683213147,0.0529347688247876,-0.406175504674117,-0.120311544981481,0.2016831146912,-0.0934827091040653,-0.118313039014161,-0.109281160217764,0.109115145040133,-0.391737138188949,0.158103634844485,0.148740484391726,0.426809877632841,0,-0.256311183847883,-0.219954507550668,-0.00452869709784412,-0.0641662606229486,0.451814791709612,-0.433450622746887,-0.298666578450777,0.09232523177974,0.0255756912014448,-0.0401596335949283,-0.281641420937491,0.270246865602597,-0.321372977515622,0.0477876735707514,-0.152014000071767,0.171880149226581
"mesothelioma.",-0.165764645518153,0.0506606307380706,-0.196456197072944,-0.24369800013116,-0.267491139035045,-0.111239378251567,-0.0525867335180043,0.139603464831302,0.177683151342769,-0.19433129235946,-0.184151551287123,0.171944157213834,-0.0879227685101426,0.162644702828647,-0.152500806921894,-0.155057919276323,-0.306737482366983,-0.109447753618503,-0.236463016236456,-0.198323830601838,-0.5695258077587,0.0308140730468746,-0.433208861200375,0.193813788393619,-0.278474272948336,-0.256311183847883,0,0.0543654923113162,-0.107490164245506,-0.2119779918812,-0.361775392873396,0.0608022106282924,0.0229443204082834,0.070746456773899,0.430686125450203,0.122900941269116,0.330745104623552,-0.0232693108773097,-0.16485185764455,0.127201642842063,0.144778650403807,0.377223488836366
"miscellaneous",0.0484572664044483,0.567082202491028,0.0118664232767221,0.111709775292922,0.0296723567978924,0.228917152288763,0.191677732965657,0.360063846265427,-0.0142678264568762,0.0615912396997654,-0.223931647357234,0.0709397173496782,0.102521157845461,-0.0778145823686591,0.385001699747915,0.409306150268836,-0.299701754170502,-0.0874863818481182,0.118756832134489,0.346927787514117,0.172292342102027,-0.111208362612041,0.261202596471356,-0.11364118836542,-0.434619120408786,-0.219954507550668,0.0543654923113162,0,-0.3156883515722,0.422175835006414,0.141417556561207,0.363984213671128,0.55004216357793,-0.162647867001851,-0.309217018596356,0.321749756694657,0.0296583738027926,0.39829756762799,0.54073331009236,-0.02935038211164,-0.140673821107107,-0.407931447991151
"oral.cavity.and.pharynx",-0.106910465285435,-0.130434273676484,-0.262457657039761,-0.355332431236112,0.158926588606785,-0.0724582202302982,-0.07338416647632,-0.259860344694532,-0.191253865597758,0.029897744841602,0.347407156629079,-0.239324646556098,-0.302960747525317,-0.247226784845213,-0.309127820372468,-0.261726387275107,-0.0811486770300889,-0.0934545047481011,-0.106589399210859,-0.0850486840965994,-0.122924572918447,0.0758426104110006,-0.123322797182572,0.374990580618952,0.0460715489455417,-0.00452869709784412,-0.107490164245506,-0.3156883515722,0,-0.122965053182769,-0.0390943693620789,-0.131790787744072,-0.133410585119336,0.058833926292463,0.311551822521691,-0.366129129596714,0.134441951062162,-0.354412635908543,-0.22939691901158,-0.331934892199741,-0.201902652932064,0.273644792371219
"other.endocrine.including.thymus",-0.0257059766280147,0.284728641426556,-0.115055585180501,0.016760103755043,-0.00537766703012613,0.111041943332542,0.025104773169348,0.229259330381259,0.0575248636500126,0.0799443399481888,0.00400622579099411,0.0968625823794955,0.249977536103879,-0.249046079362613,0.291724734631533,0.384611319880822,-0.0794863481156493,0.0635660293836987,0.111548007209224,0.321435853456307,0.138598361907916,0.145742874443318,0.310780860829622,-0.205987944644037,-0.214007625530562,-0.0641662606229486,-0.2119779918812,0.422175835006414,-0.122965053182769,0,0.016900472529736,0.186134325834915,0.45840222555413,-0.292279751774806,-0.300582452830758,-0.00596423554601499,-0.239059139818489,0.297677340363464,0.422276821769051,-0.0507590641683576,-0.0929170714830697,-0.35755993996964
"other.non.epithelial.skin",0.150955167785113,0.0390248577584468,0.282105843627234,0.162405570056545,-0.260559269551801,0.0824399380676724,0.0531807662761758,0.0481033284675516,-0.130580966406318,0.167456977877873,-0.0801545022142508,-0.299840962022742,0.176044109975145,-0.137917082098789,-0.0949346735263472,0.126301325219952,0.294483278290129,-0.163058041238326,0.0419661865576694,0.0694971972881049,0.43945876316073,-0.222415358616595,0.202481934520032,-0.135097494782861,0.360516157237361,0.451814791709612,-0.361775392873396,0.141417556561207,-0.0390943693620789,0.016900472529736,0,-0.0372873297170899,-0.0615213142701238,0.0627976042545211,-0.195630152600718,0.159182365234483,-0.101226349174628,0.244869907257143,0.0155128131486372,0.0824662404448547,-0.15642945522489,-0.201614608043254
"soft.tissue.including.heart",-0.0487234629743723,0.55905695727095,0.171374825627342,0.0238318740286979,0.250295103585337,0.151342843613875,0.317863640623292,-0.0641447088449712,0.0590689960005934,0.00193759601072305,-0.0305052432002132,0.239928155658001,0.444242405261201,-0.295577323703664,0.550491765441212,0.501931970276633,-0.0359333427945899,0.357955060676254,-0.0890106043832652,0.35033214185578,0.339033053687031,0.115748214738477,0.277558801610402,-0.155804334753051,-0.277105030761375,-0.433450622746887,0.0608022106282924,0.363984213671128,-0.131790787744072,0.186134325834915,-0.0372873297170899,0,0.388222572239014,-0.279961542627587,-0.355922423030397,0.0595106016311865,0.123399837514254,-0.172021297292514,0.577242599898336,-0.0392751547144678,-0.00165008170618,-0.353795073878972
"thyroid",-0.000174732234455124,0.762760996047135,-0.193720497588151,0.017049951829009,0.171869283237368,0.105791845876571,0.232688375167505,0.211565437265999,0.0906330994763845,0.0792076224663843,-0.0802745520669137,0.380172264047342,0.178095314338329,-0.25550272623698,0.533465204557658,0.268719033927851,-0.437507478769523,0.297657077713957,-0.0253943939396782,0.376431802619458,0.193997003514579,-0.0376172808377608,0.484593870134806,-0.019194685255425,-0.555695200579909,-0.298666578450777,0.0229443204082834,0.55004216357793,-0.133410585119336,0.45840222555413,-0.0615213142701238,0.388222572239014,0,-0.192500171044622,-0.174868115300967,0.239045746919766,0.0386579948104144,0.13535410955154,0.834681349971869,-0.1179466663859,-0.218197345686488,-0.459424812629806
"larynx",0.135562680214395,-0.136697946660018,-0.161291129266636,-0.124585244310462,-0.251874447152842,-0.175733831955837,-0.125901897639336,-0.210159498278703,-0.266079556196489,-0.0859995179262857,0.0786398198418392,0.0394748992881046,-0.184122312828798,-0.0863124547451584,-0.185819556558205,-0.0067711128651357,0.0709428715267937,-0.31524506921155,-0.0563320190347316,-0.332007740040597,-0.156397064589303,-0.178339206748748,-0.225310809251137,0.313168092489412,0.114507073765048,0.09232523177974,0.070746456773899,-0.162647867001851,0.058833926292463,-0.292279751774806,0.0627976042545211,-0.279961542627587,-0.192500171044622,0,0.212706463707506,-0.355728069992068,-0.0124413268607392,0.165343159165347,-0.324870475425123,0.514871269461343,-0.132652798290119,0.272176846091229
"lung.and.bronchus",-0.254084978248046,-0.294111044824953,-0.558304486220569,-0.311852045104435,-0.164894072122549,-0.293231511000649,-0.314895711879021,-0.159619767149126,0.213532836925446,-0.14973093035003,0.0300087501524942,-0.0588357117203483,-0.42483027698276,0.349617815796064,-0.447728016462477,-0.395648761176367,-0.373873722256227,-0.336389076835878,-0.157758904107289,-0.566757321998244,-0.713963215413557,0.30564009680135,-0.232774547282389,0.423732590387838,-0.0598856616197235,0.0255756912014448,0.430686125450203,-0.309217018596356,0.311551822521691,-0.300582452830758,-0.195630152600718,-0.355922423030397,-0.174868115300967,0.212706463707506,0,-0.155878685400727,0.0670016160691244,-0.253924069520362,-0.403691048115479,-0.0655588501395713,0.122668092797247,0.653397529527089
"nose..nasal.cavity.and.middle.ear",0.00993773702308453,0.392718306144517,0.23151224236497,0.165144590236105,0.0356977875840045,0.215455849561444,0.186921841363798,0.456131363162784,0.0195115708133106,-0.00695795281379301,-0.256493709126033,-0.0176200037722703,0.269349982248771,0.0493435352734395,0.0574804284546948,0.134888532519765,-0.0595579974392438,0.0554739862741787,0.081008991685279,0.222414238033607,0.171855152750838,-0.143073767036647,0.169861712945083,-0.136309815930368,-0.189062871070187,-0.0401596335949283,0.122900941269116,0.321749756694657,-0.366129129596714,-0.00596423554601499,0.159182365234483,0.0595106016311865,0.239045746919766,-0.355728069992068,-0.155878685400727,0,0.243747361404557,0.104101411502698,0.281189620435153,-0.117294656101836,0.0109808187156117,-0.317378473046732
"pleura",-0.128945332493572,-0.0420208859927978,-0.103848131978971,-0.261745910075375,-0.18926688282352,-0.0137664959093949,0.235042040999521,-0.0968275125230238,-0.137045532248955,-0.099205928037915,-0.15236950333893,0.040844671548015,0.018563877462457,-0.00389716272413895,-0.116868149006069,-0.158564500082993,-0.304823834769036,-0.0213045039181645,0.0397729230580846,-0.0314902109602474,-0.0988400451351566,-0.246010793015254,-0.195301109615782,0.265111831550308,-0.246271534352422,-0.281641420937491,0.330745104623552,0.0296583738027926,0.134441951062162,-0.239059139818489,-0.101226349174628,0.123399837514254,0.0386579948104144,-0.0124413268607392,0.0670016160691244,0.243747361404557,0,-0.211036906225847,0.060946995894225,-0.128218426774741,0.10212853000673,0.375905104168662
"trachea..mediastinum.and.other.respiratory.organs",0.0781845091541727,0.114663261042398,0.132441406061258,0.147355832368728,-0.203882285738814,0.00990256470022581,-0.189411859840583,0.355411924088282,-0.115607991400025,-0.121931117138305,-0.171257247341655,0.052834877015893,0.152517461402261,-0.223157190586827,0.0319679621555241,0.16457665055353,0.145041439583253,-0.130204744678375,-0.062477146474048,0.146643775140143,0.14015711880493,-0.446345359609474,-0.0452689749408502,-0.154683858571046,0.121643080076667,0.270246865602597,-0.0232693108773097,0.39829756762799,-0.354412635908543,0.297677340363464,0.244869907257143,-0.172021297292514,0.13535410955154,0.165343159165347,-0.253924069520362,0.104101411502698,-0.211036906225847,0,-0.00744698343742421,0.0449551681774122,-0.154284712266081,-0.175414255854312
"kidney.and.renal.pelvis",0.0904561240510424,0.736895730685075,0.0616846585705481,0.171830776676491,0.142454327530173,0.363004745923121,0.39147571653656,0.0853050185097874,0.196355406589887,0.238382141687086,-0.116822773841879,0.458868020784225,0.299625357068692,-0.204026562551552,0.583904925902758,0.434138320869034,-0.248229049472573,0.401073579236181,0.137281021276298,0.524255044201077,0.454814265054561,0.00894007063421004,0.650177835784705,-0.312005439344137,-0.419938855762023,-0.321372977515622,-0.16485185764455,0.54073331009236,-0.22939691901158,0.422276821769051,0.0155128131486372,0.577242599898336,0.834681349971869,-0.324870475425123,-0.403691048115479,0.281189620435153,0.060946995894225,-0.00744698343742421,0,-0.11621649283473,-0.0996879121693857,-0.563606891522603
"other.urinary.organs",-0.0580695718147486,-0.0815137345145794,0.0195424896169431,0.163878655672796,-0.210350285899077,-0.100888165491727,0.0763786390008624,-0.0999609717214183,-0.147228024789696,-0.176415922323411,0.154977417449761,0.123723436210182,0.00451311515064061,0.129146993267534,0.12994111898421,0.209641303623742,0.200437669379276,-0.173003081912544,-0.0181352280109329,-0.00177170901895589,-0.0108360873887541,-0.162301857835627,-0.0993847146350886,0.00661226793479768,0.253404488498051,0.0477876735707514,0.127201642842063,-0.02935038211164,-0.331934892199741,-0.0507590641683576,0.0824662404448547,-0.0392751547144678,-0.1179466663859,0.514871269461343,-0.0655588501395713,-0.117294656101836,-0.128218426774741,0.0449551681774122,-0.11621649283473,0,-0.0785656046135171,0.00630920816498769
"ureter",-0.0783502582299922,-0.152659795629238,-0.0183932498982009,-0.198360803136652,-0.176681760342966,0.0384178621129473,-0.0319694540201283,-0.047092534156734,0.503888860585764,-0.00322938904924092,-0.0408103149643023,0.00489858401771495,-0.102991244489434,0.214561401655307,-0.158916359029285,-0.251874012805859,-0.149925272050385,-0.0129811603367201,0.195979129308417,-0.088657925755188,-0.233926005932517,0.396485086104953,-0.131393553093884,-0.249047691503318,-0.180526500943715,-0.152014000071767,0.144778650403807,-0.140673821107107,-0.201902652932064,-0.0929170714830697,-0.15642945522489,-0.00165008170618,-0.218197345686488,-0.132652798290119,0.122668092797247,0.0109808187156117,0.10212853000673,-0.154284712266081,-0.0996879121693857,-0.0785656046135171,0,0.203289829285456
"urinary.bladder",-0.301719244392982,-0.64911492560532,-0.36773603899342,-0.28317593647832,-0.325054449333094,-0.368761095221996,-0.148403979322481,-0.262657336746069,0.13609597172102,-0.266936658896861,0.0896191233539348,-0.137570963793893,-0.377621861409385,0.373032156779968,-0.478339102202485,-0.464535432021842,-0.309597934063013,-0.313780874149799,-0.163716277365454,-0.59629364755422,-0.629396294391523,-0.0382786375807963,-0.487919329517375,0.506083295472557,0.0451356486066498,0.171880149226581,0.377223488836366,-0.407931447991151,0.273644792371219,-0.35755993996964,-0.201614608043254,-0.353795073878972,-0.459424812629806,0.272176846091229,0.653397529527089,-0.317378473046732,0.375905104168662,-0.175414255854312,-0.563606891522603,0.00630920816498769,0.203289829285456,0
